599,[3370 2339 1132 6816 7052 3795  633 1779 4545 6225  874 5262 2680 2878
 3807  127 4520 4171 6239 1615 3175 9229 6354 4352 3533 2480 1641  514
 6987 1843 4232 3252 6163 5128 3883 4506 6371 8488 7201 5113 6444  643
 9466 2835 3273 1479 6230 9527  877 9055 9384 2500 1190 2881  781 8513
 8985  125 5044 9331 3796 2960 2789 9821 3624 8944 5440 4710 6938 7548
  540 8940 5452 6617 7432 6898 9137 6781 7500 3851 8179 2772 9518 7889
 3558 3148 7958 6940 7368 3729 6655 6484 2559 9476 1000 7720  355 3191
 8027  381 5284 2654 7373 9104 2986 2195 4908 6788 2577 1441 8772 5688
 2054 3167 8893 1987 4485 1461 5156  337  354 1105 5114 5737 4472 4082
  810 6717 4466 5771  581 3006  658 3487  816 2772 2372 1093 2553  977
 9513 9026 7613 4629 5178 6273 1742 1906 7391 6267 7568 4336 9169 1820
 3062 1996 1668 6959 3087 9554 6216 8052 1659 6799 7777  619 6266 5867
  892 7836 5358 7950 4712 7362 7427 4245 1313  343  565 9588  426 9955
 5350 9986 4564 5723 6838 7715 8089 7891 6242 6256 6931 4494 1874 4178
 3502 8475 4936 9916 9281  194 6260 9054 1096 9928 6823 6933 9536 9992
 6905 7012  153 9266 2760 1570 2564 3963 3986  986  465 7463 5814 3616
  779 9721 7416 1375 7400 5134 5825 1877 2002 8025 2277 6468 2546 8316
 1283 8297 1586 2276 6979 4724 5204 7627 7932 9184 3841  272 2759 4586
 3690 3376 6062 3911 7937 4159 3568 8882  566 5369 6540 2357 3340 7444
 4126 8372 3068 9566 1503 7896 5804 4396 3681  537 1522 1814 1017 9422
 3411 1589 2197 1707 2038 8290 3985 8749 7579 4052 8766 3565 3884 2286
 3471 6390 9462 4130 8332 2663 9997 9060 8759 1314 6513 2923 2167 6452
 5471 9095 2642 4699  629 6126 2499 6593 8850 5946 8238 5281 3699 8829
 8402 7285 9033 8503 5822 8374 8599 6974 3084 8342 8677 1768 5399 7251
 7782 3034 4263 8990  670 9835  150 8744 8219  490 5792 7759 1660 6868
  441 3141 5493 4857 2809 1175 5132  996 3289 4766 1419 3269 6310 2324
 8873 2528 4399 6427 9601 4299 2777 4177 5687  253 4767  116 4864 1697
 1522 3543 3687 4330 9919  462 3251 8563 6481 3117 8334 5792 8870 5004
  301 5086 9831 1034 4238 4359 7510 8410 4215 6944 4226 7322 8989 9406
 5972 6412 4731 1247 7412 9772 2368 3274 6175 9102 6134 4258 6932   60
 7858 8359 9912 1432 3750 1717 4873 6640  664 6302 5954 7684 4950 5571
 1418 2176 5166 2436  524 3171 4277 2260 7881 4151 7824 4588 1229 9908
 2357 5898 8777 8118 4108 1613 4835 6174 7621 4213 6547 5054 8354 7564
 3126 8998 4337 1033 9627 4394 4990 1938 4099 5220 6910  344 7084 1388
 4034 8770 6907 9828 3397 3197 9222 5853 3296 1354 1940 1308 2365  512
  881 8973  146 7151 8038 9053  853 6501 9370 2055 3697 8072 1687  183
 2828 6323 5064 3785 5554 9507 9425 2709 2855 8282 3659 9175 1636 5500
 4792 2820 5525 5733 4664 8528 7586 9725 5733 3140 6355 1361 4997 9793
 7846 3213 8111  707 9616 9128 3458 8995 1995 8395 1092 3542 4235 3361
 5315 1098 5233 3255 8560 1051 2718 7728 5103 8992 5055 2669 3160 4275
 4612 3732 6723 7523 6459  584 9381 2585 9835 8023  870 5540 8342 4916
 5436 1407 2875 3637 6231 7573 3995 8814 5388  287 7305 7973 2072 6725
 3098 8070 1376  855 8144 3182 3674 7482 8731 6124 9969]